0 0 100
0 1 65
0 2 61
0 3 78
0 4 76
0 5 70
0 6 70
0 7 65
0 8 69
0 9 65
0 10 59
1 0 65
1 1 100
1 2 69
1 3 66
1 4 53
1 5 69
1 6 76
1 7 57
1 8 63
1 9 97
1 10 66
2 0 61
2 1 69
2 2 100
2 3 61
2 4 56
2 5 55
2 6 65
2 7 55
2 8 60
2 9 69
2 10 95
3 0 78
3 1 66
3 2 61
3 3 100
3 4 66
3 5 69
3 6 65
3 7 62
3 8 62
3 9 66
3 10 58
4 0 76
4 1 53
4 2 56
4 3 66
4 4 100
4 5 62
4 6 56
4 7 62
4 8 59
4 9 53
4 10 56
5 0 70
5 1 69
5 2 55
5 3 69
5 4 62
5 5 100
5 6 70
5 7 59
5 8 66
5 9 70
5 10 58
6 0 70
6 1 76
6 2 65
6 3 65
6 4 56
6 5 70
6 6 100
6 7 61
6 8 64
6 9 78
6 10 62
7 0 65
7 1 57
7 2 55
7 3 62
7 4 62
7 5 59
7 6 61
7 7 99
7 8 68
7 9 58
7 10 52
8 0 69
8 1 63
8 2 60
8 3 62
8 4 59
8 5 66
8 6 64
8 7 68
8 8 100
8 9 64
8 10 58
9 0 65
9 1 97
9 2 69
9 3 66
9 4 53
9 5 70
9 6 78
9 7 58
9 8 64
9 9 100
9 10 66
10 0 59
10 1 66
10 2 95
10 3 58
10 4 56
10 5 58
10 6 62
10 7 52
10 8 58
10 9 66
10 10 100
