0 0 100
0 1 30
0 2 80
0 3 41
0 4 61
0 5 67
0 6 71
0 7 44
0 8 62
0 9 55
0 10 43
0 11 55
0 12 55
0 13 61
0 14 59
0 15 66
0 16 85
0 17 68
0 18 69
0 19 38
0 20 45
0 21 69
0 22 64
1 0 30
1 1 100
1 2 33
1 3 46
1 4 32
1 5 31
1 6 53
1 7 40
1 8 46
1 9 63
1 10 45
1 11 40
1 12 41
1 13 40
1 14 45
1 15 32
1 16 25
1 17 47
1 18 42
1 19 37
1 20 43
1 21 40
1 22 36
2 0 80
2 1 33
2 2 100
2 3 40
2 4 73
2 5 76
2 6 79
2 7 49
2 8 67
2 9 53
2 10 39
2 11 59
2 12 63
2 13 68
2 14 64
2 15 73
2 16 70
2 17 70
2 18 79
2 19 45
2 20 43
2 21 70
2 22 73
3 0 41
3 1 46
3 2 40
3 3 99
3 4 41
3 5 40
3 6 46
3 7 37
3 8 62
3 9 52
3 10 47
3 11 53
3 12 47
3 13 49
3 14 41
3 15 43
3 16 37
3 17 42
3 18 47
3 19 49
3 20 67
3 21 50
3 22 48
4 0 61
4 1 32
4 2 73
4 3 41
4 4 99
4 5 74
4 6 60
4 7 55
4 8 82
4 9 57
4 10 41
4 11 58
4 12 64
4 13 66
4 14 63
4 15 70
4 16 51
4 17 65
4 18 68
4 19 47
4 20 46
4 21 72
4 22 88
5 0 67
5 1 31
5 2 76
5 3 40
5 4 74
5 5 99
5 6 61
5 7 60
5 8 68
5 9 53
5 10 36
5 11 58
5 12 69
5 13 72
5 14 65
5 15 76
5 16 57
5 17 72
5 18 76
5 19 54
5 20 49
5 21 90
5 22 74
6 0 71
6 1 53
6 2 79
6 3 46
6 4 60
6 5 61
6 6 99
6 7 53
6 8 66
6 9 59
6 10 40
6 11 54
6 12 60
6 13 62
6 14 64
6 15 63
6 16 63
6 17 66
6 18 73
6 19 39
6 20 41
6 21 64
6 22 65
7 0 44
7 1 40
7 2 49
7 3 37
7 4 55
7 5 60
7 6 53
7 7 100
7 8 56
7 9 52
7 10 43
7 11 51
7 12 60
7 13 71
7 14 59
7 15 50
7 16 43
7 17 64
7 18 64
7 19 62
7 20 51
7 21 62
7 22 52
8 0 62
8 1 46
8 2 67
8 3 62
8 4 82
8 5 68
8 6 66
8 7 56
8 8 100
8 9 59
8 10 43
8 11 62
8 12 69
8 13 68
8 14 67
8 15 67
8 16 52
8 17 69
8 18 64
8 19 52
8 20 48
8 21 77
8 22 89
9 0 55
9 1 63
9 2 53
9 3 52
9 4 57
9 5 53
9 6 59
9 7 52
9 8 59
9 9 99
9 10 68
9 11 60
9 12 59
9 13 57
9 14 58
9 15 57
9 16 42
9 17 57
9 18 55
9 19 52
9 20 67
9 21 59
9 22 54
10 0 43
10 1 45
10 2 39
10 3 47
10 4 41
10 5 36
10 6 40
10 7 43
10 8 43
10 9 68
10 10 99
10 11 43
10 12 42
10 13 42
10 14 38
10 15 35
10 16 42
10 17 34
10 18 35
10 19 42
10 20 70
10 21 44
10 22 39
11 0 55
11 1 40
11 2 59
11 3 53
11 4 58
11 5 58
11 6 54
11 7 51
11 8 62
11 9 60
11 10 43
11 11 100
11 12 66
11 13 67
11 14 69
11 15 61
11 16 44
11 17 67
11 18 65
11 19 59
11 20 60
11 21 59
11 22 59
12 0 55
12 1 41
12 2 63
12 3 47
12 4 64
12 5 69
12 6 60
12 7 60
12 8 69
12 9 59
12 10 42
12 11 66
12 12 99
12 13 78
12 14 70
12 15 69
12 16 51
12 17 69
12 18 69
12 19 59
12 20 53
12 21 69
12 22 69
13 0 61
13 1 40
13 2 68
13 3 49
13 4 66
13 5 72
13 6 62
13 7 71
13 8 68
13 9 57
13 10 42
13 11 67
13 12 78
13 13 99
13 14 69
13 15 68
13 16 57
13 17 80
13 18 75
13 19 69
13 20 62
13 21 72
13 22 68
14 0 59
14 1 45
14 2 64
14 3 41
14 4 63
14 5 65
14 6 64
14 7 59
14 8 67
14 9 58
14 10 38
14 11 69
14 12 70
14 13 69
14 14 99
14 15 71
14 16 50
14 17 76
14 18 70
14 19 58
14 20 48
14 21 67
14 22 61
15 0 66
15 1 32
15 2 73
15 3 43
15 4 70
15 5 76
15 6 63
15 7 50
15 8 67
15 9 57
15 10 35
15 11 61
15 12 69
15 13 68
15 14 71
15 15 100
15 16 50
15 17 75
15 18 74
15 19 53
15 20 50
15 21 74
15 22 72
16 0 85
16 1 25
16 2 70
16 3 37
16 4 51
16 5 57
16 6 63
16 7 43
16 8 52
16 9 42
16 10 42
16 11 44
16 12 51
16 13 57
16 14 50
16 15 50
16 16 100
16 17 59
16 18 59
16 19 36
16 20 39
16 21 61
16 22 55
17 0 68
17 1 47
17 2 70
17 3 42
17 4 65
17 5 72
17 6 66
17 7 64
17 8 69
17 9 57
17 10 34
17 11 67
17 12 69
17 13 80
17 14 76
17 15 75
17 16 59
17 17 100
17 18 76
17 19 58
17 20 48
17 21 74
17 22 66
18 0 69
18 1 42
18 2 79
18 3 47
18 4 68
18 5 76
18 6 73
18 7 64
18 8 64
18 9 55
18 10 35
18 11 65
18 12 69
18 13 75
18 14 70
18 15 74
18 16 59
18 17 76
18 18 99
18 19 55
18 20 51
18 21 74
18 22 68
19 0 38
19 1 37
19 2 45
19 3 49
19 4 47
19 5 54
19 6 39
19 7 62
19 8 52
19 9 52
19 10 42
19 11 59
19 12 59
19 13 69
19 14 58
19 15 53
19 16 36
19 17 58
19 18 55
19 19 99
19 20 69
19 21 56
19 22 51
20 0 45
20 1 43
20 2 43
20 3 67
20 4 46
20 5 49
20 6 41
20 7 51
20 8 48
20 9 67
20 10 70
20 11 60
20 12 53
20 13 62
20 14 48
20 15 50
20 16 39
20 17 48
20 18 51
20 19 69
20 20 100
20 21 53
20 22 46
21 0 69
21 1 40
21 2 70
21 3 50
21 4 72
21 5 90
21 6 64
21 7 62
21 8 77
21 9 59
21 10 44
21 11 59
21 12 69
21 13 72
21 14 67
21 15 74
21 16 61
21 17 74
21 18 74
21 19 56
21 20 53
21 21 100
21 22 76
22 0 64
22 1 36
22 2 73
22 3 48
22 4 88
22 5 74
22 6 65
22 7 52
22 8 89
22 9 54
22 10 39
22 11 59
22 12 69
22 13 68
22 14 61
22 15 72
22 16 55
22 17 66
22 18 68
22 19 51
22 20 46
22 21 76
22 22 99
