0 0 99
0 1 55
0 2 58
0 3 74
0 4 66
0 5 88
0 6 60
0 7 45
0 8 59
0 9 55
0 10 49
0 11 50
0 12 64
0 13 60
0 14 68
0 15 57
0 16 57
0 17 58
0 18 31
0 19 60
0 20 67
0 21 66
0 22 64
1 0 55
1 1 100
1 2 58
1 3 43
1 4 54
1 5 57
1 6 60
1 7 29
1 8 81
1 9 66
1 10 57
1 11 49
1 12 62
1 13 53
1 14 53
1 15 55
1 16 53
1 17 51
1 18 39
1 19 55
1 20 58
1 21 59
1 22 63
2 0 58
2 1 58
2 2 100
2 3 58
2 4 53
2 5 57
2 6 49
2 7 28
2 8 63
2 9 51
2 10 47
2 11 51
2 12 59
2 13 83
2 14 63
2 15 58
2 16 72
2 17 49
2 18 31
2 19 58
2 20 63
2 21 58
2 22 60
3 0 74
3 1 43
3 2 58
3 3 100
3 4 59
3 5 70
3 6 57
3 7 38
3 8 47
3 9 53
3 10 39
3 11 43
3 12 58
3 13 50
3 14 54
3 15 50
3 16 57
3 17 55
3 18 33
3 19 62
3 20 62
3 21 66
3 22 53
4 0 66
4 1 54
4 2 53
4 3 59
4 4 99
4 5 63
4 6 60
4 7 27
4 8 53
4 9 61
4 10 49
4 11 44
4 12 54
4 13 44
4 14 49
4 15 49
4 16 55
4 17 64
4 18 42
4 19 63
4 20 63
4 21 60
4 22 65
5 0 88
5 1 57
5 2 57
5 3 70
5 4 63
5 5 100
5 6 68
5 7 47
5 8 64
5 9 55
5 10 52
5 11 66
5 12 71
5 13 60
5 14 66
5 15 57
5 16 53
5 17 57
5 18 33
5 19 65
5 20 69
5 21 65
5 22 66
6 0 60
6 1 60
6 2 49
6 3 57
6 4 60
6 5 68
6 6 100
6 7 42
6 8 61
6 9 66
6 10 58
6 11 59
6 12 66
6 13 46
6 14 46
6 15 49
6 16 50
6 17 55
6 18 52
6 19 75
6 20 61
6 21 66
6 22 68
7 0 45
7 1 29
7 2 28
7 3 38
7 4 27
7 5 47
7 6 42
7 7 100
7 8 29
7 9 28
7 10 31
7 11 33
7 12 40
7 13 35
7 14 31
7 15 24
7 16 21
7 17 22
7 18 21
7 19 31
7 20 33
7 21 39
7 22 33
8 0 59
8 1 81
8 2 63
8 3 47
8 4 53
8 5 64
8 6 61
8 7 29
8 8 100
8 9 63
8 10 74
8 11 57
8 12 66
8 13 63
8 14 65
8 15 57
8 16 56
8 17 47
8 18 45
8 19 62
8 20 64
8 21 59
8 22 64
9 0 55
9 1 66
9 2 51
9 3 53
9 4 61
9 5 55
9 6 66
9 7 28
9 8 63
9 9 99
9 10 54
9 11 53
9 12 63
9 13 45
9 14 43
9 15 48
9 16 50
9 17 56
9 18 47
9 19 70
9 20 58
9 21 58
9 22 66
10 0 49
10 1 57
10 2 47
10 3 39
10 4 49
10 5 52
10 6 58
10 7 31
10 8 74
10 9 54
10 10 99
10 11 50
10 12 52
10 13 46
10 14 46
10 15 45
10 16 41
10 17 44
10 18 44
10 19 59
10 20 54
10 21 51
10 22 53
11 0 50
11 1 49
11 2 51
11 3 43
11 4 44
11 5 66
11 6 59
11 7 33
11 8 57
11 9 53
11 10 50
11 11 100
11 12 60
11 13 58
11 14 50
11 15 52
11 16 37
11 17 45
11 18 38
11 19 57
11 20 55
11 21 51
11 22 57
12 0 64
12 1 62
12 2 59
12 3 58
12 4 54
12 5 71
12 6 66
12 7 40
12 8 66
12 9 63
12 10 52
12 11 60
12 12 100
12 13 54
12 14 53
12 15 59
12 16 54
12 17 47
12 18 55
12 19 65
12 20 72
12 21 60
12 22 62
13 0 60
13 1 53
13 2 83
13 3 50
13 4 44
13 5 60
13 6 46
13 7 35
13 8 63
13 9 45
13 10 46
13 11 58
13 12 54
13 13 100
13 14 71
13 15 54
13 16 57
13 17 45
13 18 30
13 19 52
13 20 58
13 21 48
13 22 52
14 0 68
14 1 53
14 2 63
14 3 54
14 4 49
14 5 66
14 6 46
14 7 31
14 8 65
14 9 43
14 10 46
14 11 50
14 12 53
14 13 71
14 14 99
14 15 74
14 16 48
14 17 53
14 18 27
14 19 46
14 20 65
14 21 48
14 22 48
15 0 57
15 1 55
15 2 58
15 3 50
15 4 49
15 5 57
15 6 49
15 7 24
15 8 57
15 9 48
15 10 45
15 11 52
15 12 59
15 13 54
15 14 74
15 15 99
15 16 55
15 17 54
15 18 38
15 19 53
15 20 66
15 21 52
15 22 52
16 0 57
16 1 53
16 2 72
16 3 57
16 4 55
16 5 53
16 6 50
16 7 21
16 8 56
16 9 50
16 10 41
16 11 37
16 12 54
16 13 57
16 14 48
16 15 55
16 16 99
16 17 51
16 18 32
16 19 60
16 20 59
16 21 58
16 22 57
17 0 58
17 1 51
17 2 49
17 3 55
17 4 64
17 5 57
17 6 55
17 7 22
17 8 47
17 9 56
17 10 44
17 11 45
17 12 47
17 13 45
17 14 53
17 15 54
17 16 51
17 17 100
17 18 31
17 19 56
17 20 62
17 21 61
17 22 59
18 0 31
18 1 39
18 2 31
18 3 33
18 4 42
18 5 33
18 6 52
18 7 21
18 8 45
18 9 47
18 10 44
18 11 38
18 12 55
18 13 30
18 14 27
18 15 38
18 16 32
18 17 31
18 18 99
18 19 56
18 20 49
18 21 38
18 22 45
19 0 60
19 1 55
19 2 58
19 3 62
19 4 63
19 5 65
19 6 75
19 7 31
19 8 62
19 9 70
19 10 59
19 11 57
19 12 65
19 13 52
19 14 46
19 15 53
19 16 60
19 17 56
19 18 56
19 19 100
19 20 67
19 21 70
19 22 73
20 0 67
20 1 58
20 2 63
20 3 62
20 4 63
20 5 69
20 6 61
20 7 33
20 8 64
20 9 58
20 10 54
20 11 55
20 12 72
20 13 58
20 14 65
20 15 66
20 16 59
20 17 62
20 18 49
20 19 67
20 20 100
20 21 62
20 22 65
21 0 66
21 1 59
21 2 58
21 3 66
21 4 60
21 5 65
21 6 66
21 7 39
21 8 59
21 9 58
21 10 51
21 11 51
21 12 60
21 13 48
21 14 48
21 15 52
21 16 58
21 17 61
21 18 38
21 19 70
21 20 62
21 21 99
21 22 72
22 0 64
22 1 63
22 2 60
22 3 53
22 4 65
22 5 66
22 6 68
22 7 33
22 8 64
22 9 66
22 10 53
22 11 57
22 12 62
22 13 52
22 14 48
22 15 52
22 16 57
22 17 59
22 18 45
22 19 73
22 20 65
22 21 72
22 22 100
