0 0 100
0 1 73
0 2 59
0 3 41
0 4 35
0 5 71
0 6 85
0 7 56
0 8 55
0 9 68
0 10 54
0 11 35
0 12 62
0 13 35
0 14 61
0 15 43
0 16 38
0 17 69
0 18 52
0 19 59
0 20 45
0 21 65
0 22 71
0 23 69
1 0 73
1 1 99
1 2 69
1 3 40
1 4 36
1 5 75
1 6 79
1 7 57
1 8 51
1 9 92
1 10 71
1 11 49
1 12 74
1 13 45
1 14 71
1 15 49
1 16 57
1 17 72
1 18 58
1 19 64
1 20 61
1 21 72
1 22 83
1 23 74
2 0 59
2 1 69
2 2 100
2 3 35
2 4 39
2 5 65
2 6 67
2 7 48
2 8 48
2 9 65
2 10 86
2 11 44
2 12 56
2 13 48
2 14 56
2 15 47
2 16 65
2 17 64
2 18 49
2 19 60
2 20 76
2 21 63
2 22 67
2 23 51
3 0 41
3 1 40
3 2 35
3 3 100
3 4 27
3 5 38
3 6 36
3 7 39
3 8 37
3 9 39
3 10 36
3 11 35
3 12 42
3 13 19
3 14 41
3 15 35
3 16 28
3 17 31
3 18 36
3 19 31
3 20 30
3 21 33
3 22 41
3 23 40
4 0 35
4 1 36
4 2 39
4 3 27
4 4 99
4 5 32
4 6 34
4 7 22
4 8 42
4 9 39
4 10 37
4 11 26
4 12 41
4 13 27
4 14 48
4 15 77
4 16 28
4 17 34
4 18 48
4 19 32
4 20 28
4 21 41
4 22 33
4 23 36
5 0 71
5 1 75
5 2 65
5 3 38
5 4 32
5 5 99
5 6 78
5 7 48
5 8 51
5 9 73
5 10 60
5 11 52
5 12 69
5 13 28
5 14 64
5 15 46
5 16 53
5 17 85
5 18 56
5 19 54
5 20 52
5 21 66
5 22 73
5 23 69
6 0 85
6 1 79
6 2 67
6 3 36
6 4 34
6 5 78
6 6 100
6 7 56
6 8 60
6 9 74
6 10 60
6 11 40
6 12 69
6 13 36
6 14 64
6 15 46
6 16 45
6 17 77
6 18 56
6 19 57
6 20 47
6 21 66
6 22 74
6 23 75
7 0 56
7 1 57
7 2 48
7 3 39
7 4 22
7 5 48
7 6 56
7 7 99
7 8 50
7 9 57
7 10 51
7 11 43
7 12 62
7 13 51
7 14 52
7 15 41
7 16 42
7 17 50
7 18 47
7 19 67
7 20 44
7 21 53
7 22 61
7 23 55
8 0 55
8 1 51
8 2 48
8 3 37
8 4 42
8 5 51
8 6 60
8 7 50
8 8 100
8 9 54
8 10 39
8 11 39
8 12 62
8 13 40
8 14 58
8 15 57
8 16 37
8 17 53
8 18 66
8 19 45
8 20 29
8 21 52
8 22 54
8 23 65
9 0 68
9 1 92
9 2 65
9 3 39
9 4 39
9 5 73
9 6 74
9 7 57
9 8 54
9 9 99
9 10 70
9 11 57
9 12 74
9 13 46
9 14 68
9 15 50
9 16 62
9 17 70
9 18 62
9 19 65
9 20 62
9 21 69
9 22 79
9 23 72
10 0 54
10 1 71
10 2 86
10 3 36
10 4 37
10 5 60
10 6 60
10 7 51
10 8 39
10 9 70
10 10 100
10 11 46
10 12 60
10 13 45
10 14 53
10 15 43
10 16 75
10 17 60
10 18 46
10 19 60
10 20 83
10 21 63
10 22 71
10 23 52
11 0 35
11 1 49
11 2 44
11 3 35
11 4 26
11 5 52
11 6 40
11 7 43
11 8 39
11 9 57
11 10 46
11 11 100
11 12 49
11 13 40
11 14 42
11 15 42
11 16 53
11 17 43
11 18 45
11 19 42
11 20 42
11 21 40
11 22 46
11 23 41
12 0 62
12 1 74
12 2 56
12 3 42
12 4 41
12 5 69
12 6 69
12 7 62
12 8 62
12 9 74
12 10 60
12 11 49
12 12 100
12 13 33
12 14 68
12 15 60
12 16 47
12 17 65
12 18 69
12 19 57
12 20 45
12 21 63
12 22 72
12 23 76
13 0 35
13 1 45
13 2 48
13 3 19
13 4 27
13 5 28
13 6 36
13 7 51
13 8 40
13 9 46
13 10 45
13 11 40
13 12 33
13 13 99
13 14 45
13 15 32
13 16 41
13 17 29
13 18 38
13 19 48
13 20 40
13 21 43
13 22 47
13 23 36
14 0 61
14 1 71
14 2 56
14 3 41
14 4 48
14 5 64
14 6 64
14 7 52
14 8 58
14 9 68
14 10 53
14 11 42
14 12 68
14 13 45
14 14 99
14 15 59
14 16 44
14 17 60
14 18 62
14 19 51
14 20 44
14 21 59
14 22 69
14 23 66
15 0 43
15 1 49
15 2 47
15 3 35
15 4 77
15 5 46
15 6 46
15 7 41
15 8 57
15 9 50
15 10 43
15 11 42
15 12 60
15 13 32
15 14 59
15 15 100
15 16 36
15 17 44
15 18 59
15 19 44
15 20 31
15 21 55
15 22 48
15 23 54
16 0 38
16 1 57
16 2 65
16 3 28
16 4 28
16 5 53
16 6 45
16 7 42
16 8 37
16 9 62
16 10 75
16 11 53
16 12 47
16 13 41
16 14 44
16 15 36
16 16 100
16 17 50
16 18 42
16 19 49
16 20 85
16 21 61
16 22 56
16 23 41
17 0 69
17 1 72
17 2 64
17 3 31
17 4 34
17 5 85
17 6 77
17 7 50
17 8 53
17 9 70
17 10 60
17 11 43
17 12 65
17 13 29
17 14 60
17 15 44
17 16 50
17 17 100
17 18 59
17 19 53
17 20 53
17 21 65
17 22 66
17 23 66
18 0 52
18 1 58
18 2 49
18 3 36
18 4 48
18 5 56
18 6 56
18 7 47
18 8 66
18 9 62
18 10 46
18 11 45
18 12 69
18 13 38
18 14 62
18 15 59
18 16 42
18 17 59
18 18 100
18 19 52
18 20 40
18 21 53
18 22 56
18 23 63
19 0 59
19 1 64
19 2 60
19 3 31
19 4 32
19 5 54
19 6 57
19 7 67
19 8 45
19 9 65
19 10 60
19 11 42
19 12 57
19 13 48
19 14 51
19 15 44
19 16 49
19 17 53
19 18 52
19 19 100
19 20 60
19 21 61
19 22 64
19 23 49
20 0 45
20 1 61
20 2 76
20 3 30
20 4 28
20 5 52
20 6 47
20 7 44
20 8 29
20 9 62
20 10 83
20 11 42
20 12 45
20 13 40
20 14 44
20 15 31
20 16 85
20 17 53
20 18 40
20 19 60
20 20 99
20 21 58
20 22 57
20 23 36
21 0 65
21 1 72
21 2 63
21 3 33
21 4 41
21 5 66
21 6 66
21 7 53
21 8 52
21 9 69
21 10 63
21 11 40
21 12 63
21 13 43
21 14 59
21 15 55
21 16 61
21 17 65
21 18 53
21 19 61
21 20 58
21 21 100
21 22 67
21 23 63
22 0 71
22 1 83
22 2 67
22 3 41
22 4 33
22 5 73
22 6 74
22 7 61
22 8 54
22 9 79
22 10 71
22 11 46
22 12 72
22 13 47
22 14 69
22 15 48
22 16 56
22 17 66
22 18 56
22 19 64
22 20 57
22 21 67
22 22 99
22 23 72
23 0 69
23 1 74
23 2 51
23 3 40
23 4 36
23 5 69
23 6 75
23 7 55
23 8 65
23 9 72
23 10 52
23 11 41
23 12 76
23 13 36
23 14 66
23 15 54
23 16 41
23 17 66
23 18 63
23 19 49
23 20 36
23 21 63
23 22 72
23 23 100
