0 0 100
0 1 72
0 2 63
0 3 45
0 4 42
0 5 69
0 6 37
0 7 49
0 8 71
0 9 75
0 10 49
0 11 90
0 12 57
0 13 40
0 14 73
0 15 44
0 16 43
0 17 54
1 0 72
1 1 100
1 2 67
1 3 51
1 4 48
1 5 71
1 6 35
1 7 56
1 8 76
1 9 72
1 10 57
1 11 77
1 12 51
1 13 45
1 14 97
1 15 44
1 16 43
1 17 55
2 0 63
2 1 67
2 2 100
2 3 47
2 4 39
2 5 72
2 6 28
2 7 52
2 8 67
2 9 64
2 10 49
2 11 65
2 12 35
2 13 33
2 14 65
2 15 39
2 16 39
2 17 48
3 0 45
3 1 51
3 2 47
3 3 100
3 4 77
3 5 74
3 6 65
3 7 80
3 8 58
3 9 52
3 10 54
3 11 47
3 12 63
3 13 53
3 14 52
3 15 69
3 16 61
3 17 79
4 0 42
4 1 48
4 2 39
4 3 77
4 4 100
4 5 64
4 6 59
4 7 63
4 8 49
4 9 43
4 10 52
4 11 43
4 12 59
4 13 48
4 14 50
4 15 53
4 16 62
4 17 76
5 0 69
5 1 71
5 2 72
5 3 74
5 4 64
5 5 100
5 6 49
5 7 72
5 8 77
5 9 75
5 10 58
5 11 69
5 12 62
5 13 60
5 14 73
5 15 56
5 16 57
5 17 64
6 0 37
6 1 35
6 2 28
6 3 65
6 4 59
6 5 49
6 6 100
6 7 47
6 8 42
6 9 37
6 10 62
6 11 35
6 12 53
6 13 33
6 14 36
6 15 59
6 16 51
6 17 68
7 0 49
7 1 56
7 2 52
7 3 80
7 4 63
7 5 72
7 6 47
7 7 99
7 8 68
7 9 62
7 10 62
7 11 49
7 12 48
7 13 60
7 14 58
7 15 53
7 16 50
7 17 64
8 0 71
8 1 76
8 2 67
8 3 58
8 4 49
8 5 77
8 6 42
8 7 68
8 8 100
8 9 81
8 10 60
8 11 73
8 12 52
8 13 64
8 14 76
8 15 47
8 16 50
8 17 57
9 0 75
9 1 72
9 2 64
9 3 52
9 4 43
9 5 75
9 6 37
9 7 62
9 8 81
9 9 100
9 10 51
9 11 73
9 12 52
9 13 60
9 14 71
9 15 41
9 16 44
9 17 51
10 0 49
10 1 57
10 2 49
10 3 54
10 4 52
10 5 58
10 6 62
10 7 62
10 8 60
10 9 51
10 10 99
10 11 49
10 12 51
10 13 39
10 14 58
10 15 46
10 16 41
10 17 62
11 0 90
11 1 77
11 2 65
11 3 47
11 4 43
11 5 69
11 6 35
11 7 49
11 8 73
11 9 73
11 10 49
11 11 100
11 12 60
11 13 40
11 14 77
11 15 44
11 16 40
11 17 52
12 0 57
12 1 51
12 2 35
12 3 63
12 4 59
12 5 62
12 6 53
12 7 48
12 8 52
12 9 52
12 10 51
12 11 60
12 12 100
12 13 47
12 14 52
12 15 48
12 16 49
12 17 58
13 0 40
13 1 45
13 2 33
13 3 53
13 4 48
13 5 60
13 6 33
13 7 60
13 8 64
13 9 60
13 10 39
13 11 40
13 12 47
13 13 99
13 14 46
13 15 28
13 16 44
13 17 41
14 0 73
14 1 97
14 2 65
14 3 52
14 4 50
14 5 73
14 6 36
14 7 58
14 8 76
14 9 71
14 10 58
14 11 77
14 12 52
14 13 46
14 14 100
14 15 46
14 16 44
14 17 56
15 0 44
15 1 44
15 2 39
15 3 69
15 4 53
15 5 56
15 6 59
15 7 53
15 8 47
15 9 41
15 10 46
15 11 44
15 12 48
15 13 28
15 14 46
15 15 100
15 16 56
15 17 75
16 0 43
16 1 43
16 2 39
16 3 61
16 4 62
16 5 57
16 6 51
16 7 50
16 8 50
16 9 44
16 10 41
16 11 40
16 12 49
16 13 44
16 14 44
16 15 56
16 16 99
16 17 59
17 0 54
17 1 55
17 2 48
17 3 79
17 4 76
17 5 64
17 6 68
17 7 64
17 8 57
17 9 51
17 10 62
17 11 52
17 12 58
17 13 41
17 14 56
17 15 75
17 16 59
17 17 100
