0 0 99
0 1 68
0 2 62
0 3 79
0 4 71
0 5 87
0 6 63
0 7 71
0 8 62
0 9 67
0 10 56
0 11 71
0 12 63
0 13 65
0 14 64
0 15 56
0 16 68
0 17 69
0 18 57
0 19 60
1 0 68
1 1 100
1 2 71
1 3 70
1 4 66
1 5 74
1 6 75
1 7 61
1 8 77
1 9 84
1 10 66
1 11 77
1 12 39
1 13 62
1 14 75
1 15 63
1 16 70
1 17 76
1 18 68
1 19 46
2 0 62
2 1 71
2 2 99
2 3 63
2 4 67
2 5 62
2 6 82
2 7 63
2 8 72
2 9 71
2 10 58
2 11 66
2 12 40
2 13 54
2 14 59
2 15 54
2 16 60
2 17 68
2 18 63
2 19 49
3 0 79
3 1 70
3 2 63
3 3 100
3 4 65
3 5 82
3 6 69
3 7 70
3 8 68
3 9 71
3 10 62
3 11 68
3 12 53
3 13 65
3 14 75
3 15 55
3 16 74
3 17 80
3 18 67
3 19 62
4 0 71
4 1 66
4 2 67
4 3 65
4 4 99
4 5 66
4 6 70
4 7 62
4 8 66
4 9 67
4 10 54
4 11 66
4 12 52
4 13 64
4 14 57
4 15 66
4 16 69
4 17 71
4 18 63
4 19 59
5 0 87
5 1 74
5 2 62
5 3 82
5 4 66
5 5 100
5 6 70
5 7 70
5 8 70
5 9 76
5 10 62
5 11 74
5 12 51
5 13 69
5 14 75
5 15 60
5 16 79
5 17 75
5 18 67
5 19 57
6 0 63
6 1 75
6 2 82
6 3 69
6 4 70
6 5 70
6 6 100
6 7 63
6 8 81
6 9 84
6 10 58
6 11 75
6 12 44
6 13 57
6 14 67
6 15 57
6 16 69
6 17 79
6 18 78
6 19 58
7 0 71
7 1 61
7 2 63
7 3 70
7 4 62
7 5 70
7 6 63
7 7 99
7 8 53
7 9 59
7 10 47
7 11 60
7 12 54
7 13 51
7 14 51
7 15 50
7 16 55
7 17 68
7 18 58
7 19 64
8 0 62
8 1 77
8 2 72
8 3 68
8 4 66
8 5 70
8 6 81
8 7 53
8 8 100
8 9 85
8 10 63
8 11 68
8 12 33
8 13 62
8 14 70
8 15 65
8 16 72
8 17 77
8 18 74
8 19 45
9 0 67
9 1 84
9 2 71
9 3 71
9 4 67
9 5 76
9 6 84
9 7 59
9 8 85
9 9 100
9 10 67
9 11 76
9 12 38
9 13 67
9 14 77
9 15 63
9 16 74
9 17 82
9 18 80
9 19 48
10 0 56
10 1 66
10 2 58
10 3 62
10 4 54
10 5 62
10 6 58
10 7 47
10 8 63
10 9 67
10 10 100
10 11 59
10 12 29
10 13 52
10 14 64
10 15 47
10 16 55
10 17 62
10 18 56
10 19 39
11 0 71
11 1 77
11 2 66
11 3 68
11 4 66
11 5 74
11 6 75
11 7 60
11 8 68
11 9 76
11 10 59
11 11 99
11 12 48
11 13 61
11 14 64
11 15 53
11 16 65
11 17 70
11 18 64
11 19 51
12 0 63
12 1 39
12 2 40
12 3 53
12 4 52
12 5 51
12 6 44
12 7 54
12 8 33
12 9 38
12 10 29
12 11 48
12 12 99
12 13 50
12 14 41
12 15 43
12 16 44
12 17 52
12 18 39
12 19 79
13 0 65
13 1 62
13 2 54
13 3 65
13 4 64
13 5 69
13 6 57
13 7 51
13 8 62
13 9 67
13 10 52
13 11 61
13 12 50
13 13 100
13 14 71
13 15 66
13 16 78
13 17 63
13 18 61
13 19 54
14 0 64
14 1 75
14 2 59
14 3 75
14 4 57
14 5 75
14 6 67
14 7 51
14 8 70
14 9 77
14 10 64
14 11 64
14 12 41
14 13 71
14 14 100
14 15 59
14 16 71
14 17 76
14 18 65
14 19 47
15 0 56
15 1 63
15 2 54
15 3 55
15 4 66
15 5 60
15 6 57
15 7 50
15 8 65
15 9 63
15 10 47
15 11 53
15 12 43
15 13 66
15 14 59
15 15 100
15 16 78
15 17 73
15 18 67
15 19 52
16 0 68
16 1 70
16 2 60
16 3 74
16 4 69
16 5 79
16 6 69
16 7 55
16 8 72
16 9 74
16 10 55
16 11 65
16 12 44
16 13 78
16 14 71
16 15 78
16 16 100
16 17 78
16 18 74
16 19 52
17 0 69
17 1 76
17 2 68
17 3 80
17 4 71
17 5 75
17 6 79
17 7 68
17 8 77
17 9 82
17 10 62
17 11 70
17 12 52
17 13 63
17 14 76
17 15 73
17 16 78
17 17 99
17 18 81
17 19 68
18 0 57
18 1 68
18 2 63
18 3 67
18 4 63
18 5 67
18 6 78
18 7 58
18 8 74
18 9 80
18 10 56
18 11 64
18 12 39
18 13 61
18 14 65
18 15 67
18 16 74
18 17 81
18 18 99
18 19 55
19 0 60
19 1 46
19 2 49
19 3 62
19 4 59
19 5 57
19 6 58
19 7 64
19 8 45
19 9 48
19 10 39
19 11 51
19 12 79
19 13 54
19 14 47
19 15 52
19 16 52
19 17 68
19 18 55
19 19 100
