0 0 99
0 1 59
0 2 61
0 3 81
0 4 72
0 5 59
0 6 59
0 7 62
0 8 58
0 9 82
0 10 61
0 11 77
0 12 42
0 13 61
0 14 68
0 15 42
0 16 62
1 0 59
1 1 99
1 2 61
1 3 61
1 4 64
1 5 55
1 6 62
1 7 58
1 8 65
1 9 63
1 10 62
1 11 85
1 12 40
1 13 44
1 14 51
1 15 44
1 16 53
2 0 61
2 1 61
2 2 100
2 3 68
2 4 55
2 5 88
2 6 92
2 7 57
2 8 66
2 9 63
2 10 74
2 11 62
2 12 24
2 13 41
2 14 41
2 15 27
2 16 52
3 0 81
3 1 61
3 2 68
3 3 100
3 4 73
3 5 67
3 6 64
3 7 58
3 8 67
3 9 68
3 10 66
3 11 77
3 12 43
3 13 59
3 14 69
3 15 49
3 16 51
4 0 72
4 1 64
4 2 55
4 3 73
4 4 100
4 5 61
4 6 49
4 7 61
4 8 67
4 9 66
4 10 58
4 11 71
4 12 45
4 13 53
4 14 58
4 15 56
4 16 48
5 0 59
5 1 55
5 2 88
5 3 67
5 4 61
5 5 100
5 6 70
5 7 66
5 8 64
5 9 56
5 10 61
5 11 60
5 12 36
5 13 49
5 14 49
5 15 42
5 16 50
6 0 59
6 1 62
6 2 92
6 3 64
6 4 49
6 5 70
6 6 99
6 7 48
6 8 64
6 9 66
6 10 74
6 11 61
6 12 18
6 13 32
6 14 35
6 15 21
6 16 50
7 0 62
7 1 58
7 2 57
7 3 58
7 4 61
7 5 66
7 6 48
7 7 100
7 8 58
7 9 53
7 10 45
7 11 67
7 12 50
7 13 68
7 14 57
7 15 49
7 16 57
8 0 58
8 1 65
8 2 66
8 3 67
8 4 67
8 5 64
8 6 64
8 7 58
8 8 99
8 9 56
8 10 62
8 11 70
8 12 41
8 13 45
8 14 64
8 15 67
8 16 43
9 0 82
9 1 63
9 2 63
9 3 68
9 4 66
9 5 56
9 6 66
9 7 53
9 8 56
9 9 100
9 10 65
9 11 71
9 12 32
9 13 38
9 14 49
9 15 30
9 16 68
10 0 61
10 1 62
10 2 74
10 3 66
10 4 58
10 5 61
10 6 74
10 7 45
10 8 62
10 9 65
10 10 100
10 11 62
10 12 23
10 13 36
10 14 40
10 15 29
10 16 44
11 0 77
11 1 85
11 2 62
11 3 77
11 4 71
11 5 60
11 6 61
11 7 67
11 8 70
11 9 71
11 10 62
11 11 100
11 12 47
11 13 64
11 14 75
11 15 53
11 16 59
12 0 42
12 1 40
12 2 24
12 3 43
12 4 45
12 5 36
12 6 18
12 7 50
12 8 41
12 9 32
12 10 23
12 11 47
12 12 100
12 13 41
12 14 51
12 15 53
12 16 24
13 0 61
13 1 44
13 2 41
13 3 59
13 4 53
13 5 49
13 6 32
13 7 68
13 8 45
13 9 38
13 10 36
13 11 64
13 12 41
13 13 99
13 14 66
13 15 42
13 16 39
14 0 68
14 1 51
14 2 41
14 3 69
14 4 58
14 5 49
14 6 35
14 7 57
14 8 64
14 9 49
14 10 40
14 11 75
14 12 51
14 13 66
14 14 100
14 15 63
14 16 41
15 0 42
15 1 44
15 2 27
15 3 49
15 4 56
15 5 42
15 6 21
15 7 49
15 8 67
15 9 30
15 10 29
15 11 53
15 12 53
15 13 42
15 14 63
15 15 99
15 16 27
16 0 62
16 1 53
16 2 52
16 3 51
16 4 48
16 5 50
16 6 50
16 7 57
16 8 43
16 9 68
16 10 44
16 11 59
16 12 24
16 13 39
16 14 41
16 15 27
16 16 99
