0 0 100
0 1 65
0 2 56
0 3 69
0 4 59
0 5 59
0 6 79
0 7 54
0 8 73
0 9 82
0 10 67
0 11 39
0 12 62
0 13 71
0 14 55
0 15 65
0 16 69
0 17 77
1 0 65
1 1 100
1 2 46
1 3 61
1 4 60
1 5 52
1 6 63
1 7 53
1 8 59
1 9 66
1 10 67
1 11 56
1 12 52
1 13 56
1 14 58
1 15 61
1 16 53
1 17 59
2 0 56
2 1 46
2 2 100
2 3 64
2 4 44
2 5 48
2 6 50
2 7 51
2 8 56
2 9 57
2 10 42
2 11 29
2 12 89
2 13 69
2 14 50
2 15 52
2 16 59
2 17 58
3 0 69
3 1 61
3 2 64
3 3 99
3 4 59
3 5 53
3 6 64
3 7 61
3 8 66
3 9 70
3 10 54
3 11 37
3 12 72
3 13 91
3 14 60
3 15 60
3 16 69
3 17 73
4 0 59
4 1 60
4 2 44
4 3 59
4 4 100
4 5 60
4 6 66
4 7 73
4 8 55
4 9 62
4 10 50
4 11 42
4 12 57
4 13 57
4 14 84
4 15 68
4 16 66
4 17 57
5 0 59
5 1 52
5 2 48
5 3 53
5 4 60
5 5 99
5 6 57
5 7 54
5 8 52
5 9 65
5 10 49
5 11 26
5 12 53
5 13 50
5 14 50
5 15 58
5 16 71
5 17 59
6 0 79
6 1 63
6 2 50
6 3 64
6 4 66
6 5 57
6 6 99
6 7 57
6 8 75
6 9 82
6 10 64
6 11 40
6 12 61
6 13 66
6 14 69
6 15 63
6 16 70
6 17 76
7 0 54
7 1 53
7 2 51
7 3 61
7 4 73
7 5 54
7 6 57
7 7 99
7 8 52
7 9 58
7 10 41
7 11 42
7 12 68
7 13 61
7 14 61
7 15 65
7 16 70
7 17 53
8 0 73
8 1 59
8 2 56
8 3 66
8 4 55
8 5 52
8 6 75
8 7 52
8 8 100
8 9 81
8 10 63
8 11 42
8 12 62
8 13 68
8 14 62
8 15 57
8 16 63
8 17 68
9 0 82
9 1 66
9 2 57
9 3 70
9 4 62
9 5 65
9 6 82
9 7 58
9 8 81
9 9 100
9 10 78
9 11 37
9 12 66
9 13 68
9 14 65
9 15 63
9 16 74
9 17 84
10 0 67
10 1 67
10 2 42
10 3 54
10 4 50
10 5 49
10 6 64
10 7 41
10 8 63
10 9 78
10 10 99
10 11 36
10 12 45
10 13 48
10 14 52
10 15 52
10 16 52
10 17 66
11 0 39
11 1 56
11 2 29
11 3 37
11 4 42
11 5 26
11 6 40
11 7 42
11 8 42
11 9 37
11 10 36
11 11 100
11 12 34
11 13 38
11 14 42
11 15 43
11 16 35
11 17 32
12 0 62
12 1 52
12 2 89
12 3 72
12 4 57
12 5 53
12 6 61
12 7 68
12 8 62
12 9 66
12 10 45
12 11 34
12 12 100
12 13 77
12 14 65
12 15 63
12 16 71
12 17 67
13 0 71
13 1 56
13 2 69
13 3 91
13 4 57
13 5 50
13 6 66
13 7 61
13 8 68
13 9 68
13 10 48
13 11 38
13 12 77
13 13 99
13 14 61
13 15 61
13 16 73
13 17 70
14 0 55
14 1 58
14 2 50
14 3 60
14 4 84
14 5 50
14 6 69
14 7 61
14 8 62
14 9 65
14 10 52
14 11 42
14 12 65
14 13 61
14 14 99
14 15 65
14 16 65
14 17 58
15 0 65
15 1 61
15 2 52
15 3 60
15 4 68
15 5 58
15 6 63
15 7 65
15 8 57
15 9 63
15 10 52
15 11 43
15 12 63
15 13 61
15 14 65
15 15 99
15 16 68
15 17 57
16 0 69
16 1 53
16 2 59
16 3 69
16 4 66
16 5 71
16 6 70
16 7 70
16 8 63
16 9 74
16 10 52
16 11 35
16 12 71
16 13 73
16 14 65
16 15 68
16 16 99
16 17 70
17 0 77
17 1 59
17 2 58
17 3 73
17 4 57
17 5 59
17 6 76
17 7 53
17 8 68
17 9 84
17 10 66
17 11 32
17 12 67
17 13 70
17 14 58
17 15 57
17 16 70
17 17 99
