0 0 100
0 1 47
0 2 46
0 3 67
0 4 63
0 5 60
0 6 72
0 7 42
0 8 56
0 9 58
0 10 55
0 11 66
0 12 80
0 13 71
0 14 74
0 15 60
0 16 42
0 17 55
0 18 59
0 19 56
1 0 47
1 1 99
1 2 49
1 3 42
1 4 44
1 5 60
1 6 47
1 7 56
1 8 55
1 9 42
1 10 52
1 11 41
1 12 48
1 13 45
1 14 45
1 15 41
1 16 34
1 17 51
1 18 41
1 19 39
2 0 46
2 1 49
2 2 99
2 3 39
2 4 55
2 5 54
2 6 41
2 7 31
2 8 67
2 9 56
2 10 38
2 11 37
2 12 42
2 13 37
2 14 40
2 15 57
2 16 30
2 17 48
2 18 53
2 19 55
3 0 67
3 1 42
3 2 39
3 3 100
3 4 51
3 5 53
3 6 57
3 7 61
3 8 51
3 9 64
3 10 66
3 11 92
3 12 72
3 13 81
3 14 65
3 15 55
3 16 37
3 17 46
3 18 47
3 19 50
4 0 63
4 1 44
4 2 55
4 3 51
4 4 100
4 5 61
4 6 51
4 7 34
4 8 55
4 9 66
4 10 49
4 11 53
4 12 58
4 13 51
4 14 52
4 15 55
4 16 39
4 17 57
4 18 87
4 19 70
5 0 60
5 1 60
5 2 54
5 3 53
5 4 61
5 5 100
5 6 62
5 7 50
5 8 64
5 9 62
5 10 65
5 11 53
5 12 53
5 13 51
5 14 56
5 15 56
5 16 40
5 17 61
5 18 52
5 19 53
6 0 72
6 1 47
6 2 41
6 3 57
6 4 51
6 5 62
6 6 100
6 7 57
6 8 55
6 9 60
6 10 73
6 11 60
6 12 67
6 13 56
6 14 65
6 15 58
6 16 39
6 17 62
6 18 48
6 19 51
7 0 42
7 1 56
7 2 31
7 3 61
7 4 34
7 5 50
7 6 57
7 7 99
7 8 38
7 9 41
7 10 74
7 11 63
7 12 49
7 13 60
7 14 50
7 15 36
7 16 31
7 17 37
7 18 31
7 19 21
8 0 56
8 1 55
8 2 67
8 3 51
8 4 55
8 5 64
8 6 55
8 7 38
8 8 100
8 9 74
8 10 58
8 11 51
8 12 51
8 13 49
8 14 58
8 15 75
8 16 35
8 17 66
8 18 54
8 19 64
9 0 58
9 1 42
9 2 56
9 3 64
9 4 66
9 5 62
9 6 60
9 7 41
9 8 74
9 9 100
9 10 63
9 11 64
9 12 56
9 13 57
9 14 62
9 15 68
9 16 39
9 17 63
9 18 67
9 19 68
10 0 55
10 1 52
10 2 38
10 3 66
10 4 49
10 5 65
10 6 73
10 7 74
10 8 58
10 9 63
10 10 99
10 11 68
10 12 59
10 13 60
10 14 62
10 15 57
10 16 44
10 17 63
10 18 46
10 19 45
11 0 66
11 1 41
11 2 37
11 3 92
11 4 53
11 5 53
11 6 60
11 7 63
11 8 51
11 9 64
11 10 68
11 11 100
11 12 76
11 13 86
11 14 70
11 15 54
11 16 41
11 17 50
11 18 48
11 19 50
12 0 80
12 1 48
12 2 42
12 3 72
12 4 58
12 5 53
12 6 67
12 7 49
12 8 51
12 9 56
12 10 59
12 11 76
12 12 100
12 13 82
12 14 65
12 15 55
12 16 36
12 17 57
12 18 60
12 19 57
13 0 71
13 1 45
13 2 37
13 3 81
13 4 51
13 5 51
13 6 56
13 7 60
13 8 49
13 9 57
13 10 60
13 11 86
13 12 82
13 13 99
13 14 72
13 15 54
13 16 39
13 17 44
13 18 51
13 19 45
14 0 74
14 1 45
14 2 40
14 3 65
14 4 52
14 5 56
14 6 65
14 7 50
14 8 58
14 9 62
14 10 62
14 11 70
14 12 65
14 13 72
14 14 100
14 15 56
14 16 36
14 17 55
14 18 47
14 19 50
15 0 60
15 1 41
15 2 57
15 3 55
15 4 55
15 5 56
15 6 58
15 7 36
15 8 75
15 9 68
15 10 57
15 11 54
15 12 55
15 13 54
15 14 56
15 15 100
15 16 34
15 17 59
15 18 53
15 19 64
16 0 42
16 1 34
16 2 30
16 3 37
16 4 39
16 5 40
16 6 39
16 7 31
16 8 35
16 9 39
16 10 44
16 11 41
16 12 36
16 13 39
16 14 36
16 15 34
16 16 100
16 17 46
16 18 36
16 19 30
17 0 55
17 1 51
17 2 48
17 3 46
17 4 57
17 5 61
17 6 62
17 7 37
17 8 66
17 9 63
17 10 63
17 11 50
17 12 57
17 13 44
17 14 55
17 15 59
17 16 46
17 17 100
17 18 54
17 19 54
18 0 59
18 1 41
18 2 53
18 3 47
18 4 87
18 5 52
18 6 48
18 7 31
18 8 54
18 9 67
18 10 46
18 11 48
18 12 60
18 13 51
18 14 47
18 15 53
18 16 36
18 17 54
18 18 99
18 19 71
19 0 56
19 1 39
19 2 55
19 3 50
19 4 70
19 5 53
19 6 51
19 7 21
19 8 64
19 9 68
19 10 45
19 11 50
19 12 57
19 13 45
19 14 50
19 15 64
19 16 30
19 17 54
19 18 71
19 19 99
