0 0 99
0 1 75
0 2 66
0 3 75
0 4 96
0 5 78
0 6 48
0 7 64
0 8 72
0 9 66
0 10 30
0 11 77
1 0 75
1 1 100
1 2 66
1 3 72
1 4 77
1 5 97
1 6 69
1 7 52
1 8 64
1 9 66
1 10 28
1 11 70
2 0 66
2 1 66
2 2 100
2 3 57
2 4 67
2 5 69
2 6 33
2 7 48
2 8 72
2 9 100
2 10 31
2 11 55
3 0 75
3 1 72
3 2 57
3 3 100
3 4 70
3 5 73
3 6 59
3 7 56
3 8 60
3 9 57
3 10 41
3 11 93
4 0 96
4 1 77
4 2 67
4 3 70
4 4 99
4 5 80
4 6 50
4 7 61
4 8 73
4 9 67
4 10 29
4 11 72
5 0 78
5 1 97
5 2 69
5 3 73
5 4 80
5 5 100
5 6 68
5 7 54
5 8 67
5 9 69
5 10 30
5 11 71
6 0 48
6 1 69
6 2 33
6 3 59
6 4 50
6 5 68
6 6 100
6 7 33
6 8 33
6 9 33
6 10 24
6 11 54
7 0 64
7 1 52
7 2 48
7 3 56
7 4 61
7 5 54
7 6 33
7 7 99
7 8 62
7 9 48
7 10 26
7 11 60
8 0 72
8 1 64
8 2 72
8 3 60
8 4 73
8 5 67
8 6 33
8 7 62
8 8 99
8 9 72
8 10 40
8 11 58
9 0 66
9 1 66
9 2 100
9 3 57
9 4 67
9 5 69
9 6 33
9 7 48
9 8 72
9 9 100
9 10 31
9 11 55
10 0 30
10 1 28
10 2 31
10 3 41
10 4 29
10 5 30
10 6 24
10 7 26
10 8 40
10 9 31
10 10 100
10 11 28
11 0 77
11 1 70
11 2 55
11 3 93
11 4 72
11 5 71
11 6 54
11 7 60
11 8 58
11 9 55
11 10 28
11 11 99
