0 0 99
0 1 59
0 2 75
0 3 94
0 4 81
0 5 64
0 6 75
0 7 36
0 8 79
0 9 72
0 10 79
0 11 67
0 12 71
0 13 64
1 0 59
1 1 100
1 2 60
1 3 63
1 4 61
1 5 77
1 6 61
1 7 42
1 8 60
1 9 63
1 10 59
1 11 54
1 12 59
1 13 64
2 0 75
2 1 60
2 2 100
2 3 77
2 4 74
2 5 70
2 6 70
2 7 49
2 8 71
2 9 82
2 10 79
2 11 65
2 12 72
2 13 65
3 0 94
3 1 63
3 2 77
3 3 99
3 4 84
3 5 72
3 6 75
3 7 36
3 8 78
3 9 77
3 10 79
3 11 62
3 12 69
3 13 69
4 0 81
4 1 61
4 2 74
4 3 84
4 4 99
4 5 71
4 6 74
4 7 40
4 8 75
4 9 75
4 10 78
4 11 65
4 12 71
4 13 63
5 0 64
5 1 77
5 2 70
5 3 72
5 4 71
5 5 100
5 6 68
5 7 45
5 8 72
5 9 78
5 10 73
5 11 64
5 12 68
5 13 73
6 0 75
6 1 61
6 2 70
6 3 75
6 4 74
6 5 68
6 6 100
6 7 50
6 8 73
6 9 68
6 10 72
6 11 71
6 12 68
6 13 65
7 0 36
7 1 42
7 2 49
7 3 36
7 4 40
7 5 45
7 6 50
7 7 100
7 8 46
7 9 56
7 10 40
7 11 41
7 12 49
7 13 43
8 0 79
8 1 60
8 2 71
8 3 78
8 4 75
8 5 72
8 6 73
8 7 46
8 8 99
8 9 74
8 10 79
8 11 70
8 12 76
8 13 67
9 0 72
9 1 63
9 2 82
9 3 77
9 4 75
9 5 78
9 6 68
9 7 56
9 8 74
9 9 99
9 10 77
9 11 65
9 12 76
9 13 67
10 0 79
10 1 59
10 2 79
10 3 79
10 4 78
10 5 73
10 6 72
10 7 40
10 8 79
10 9 77
10 10 99
10 11 69
10 12 76
10 13 62
11 0 67
11 1 54
11 2 65
11 3 62
11 4 65
11 5 64
11 6 71
11 7 41
11 8 70
11 9 65
11 10 69
11 11 100
11 12 75
11 13 65
12 0 71
12 1 59
12 2 72
12 3 69
12 4 71
12 5 68
12 6 68
12 7 49
12 8 76
12 9 76
12 10 76
12 11 75
12 12 100
12 13 65
13 0 64
13 1 64
13 2 65
13 3 69
13 4 63
13 5 73
13 6 65
13 7 43
13 8 67
13 9 67
13 10 62
13 11 65
13 12 65
13 13 99
