0 0 100
0 1 48
0 2 66
0 3 69
0 4 62
0 5 83
0 6 80
0 7 72
0 8 73
0 9 62
0 10 63
0 11 72
0 12 62
0 13 66
0 14 57
0 15 43
0 16 50
0 17 57
1 0 48
1 1 100
1 2 29
1 3 40
1 4 43
1 5 41
1 6 38
1 7 69
1 8 40
1 9 39
1 10 43
1 11 26
1 12 28
1 13 41
1 14 21
1 15 37
1 16 34
1 17 31
2 0 66
2 1 29
2 2 99
2 3 67
2 4 56
2 5 68
2 6 65
2 7 54
2 8 67
2 9 58
2 10 49
2 11 65
2 12 93
2 13 54
2 14 56
2 15 49
2 16 46
2 17 47
3 0 69
3 1 40
3 2 67
3 3 99
3 4 73
3 5 61
3 6 66
3 7 60
3 8 91
3 9 61
3 10 62
3 11 59
3 12 68
3 13 49
3 14 46
3 15 53
3 16 49
3 17 51
4 0 62
4 1 43
4 2 56
4 3 73
4 4 100
4 5 58
4 6 58
4 7 62
4 8 65
4 9 54
4 10 93
4 11 44
4 12 56
4 13 47
4 14 45
4 15 47
4 16 47
4 17 46
5 0 83
5 1 41
5 2 68
5 3 61
5 4 58
5 5 99
5 6 68
5 7 62
5 8 65
5 9 62
5 10 59
5 11 67
5 12 66
5 13 70
5 14 59
5 15 43
5 16 46
5 17 52
6 0 80
6 1 38
6 2 65
6 3 66
6 4 58
6 5 68
6 6 99
6 7 70
6 8 68
6 9 56
6 10 58
6 11 62
6 12 62
6 13 61
6 14 59
6 15 45
6 16 56
6 17 60
7 0 72
7 1 69
7 2 54
7 3 60
7 4 62
7 5 62
7 6 70
7 7 100
7 8 59
7 9 59
7 10 60
7 11 48
7 12 54
7 13 58
7 14 42
7 15 46
7 16 47
7 17 52
8 0 73
8 1 40
8 2 67
8 3 91
8 4 65
8 5 65
8 6 68
8 7 59
8 8 100
8 9 57
8 10 63
8 11 65
8 12 66
8 13 54
8 14 46
8 15 47
8 16 49
8 17 53
9 0 62
9 1 39
9 2 58
9 3 61
9 4 54
9 5 62
9 6 56
9 7 59
9 8 57
9 9 99
9 10 49
9 11 48
9 12 64
9 13 57
9 14 46
9 15 53
9 16 51
9 17 53
10 0 63
10 1 43
10 2 49
10 3 62
10 4 93
10 5 59
10 6 58
10 7 60
10 8 63
10 9 49
10 10 100
10 11 44
10 12 47
10 13 46
10 14 44
10 15 40
10 16 49
10 17 46
11 0 72
11 1 26
11 2 65
11 3 59
11 4 44
11 5 67
11 6 62
11 7 48
11 8 65
11 9 48
11 10 44
11 11 100
11 12 60
11 13 54
11 14 54
11 15 38
11 16 48
11 17 47
12 0 62
12 1 28
12 2 93
12 3 68
12 4 56
12 5 66
12 6 62
12 7 54
12 8 66
12 9 64
12 10 47
12 11 60
12 12 100
12 13 49
12 14 48
12 15 50
12 16 42
12 17 45
13 0 66
13 1 41
13 2 54
13 3 49
13 4 47
13 5 70
13 6 61
13 7 58
13 8 54
13 9 57
13 10 46
13 11 54
13 12 49
13 13 100
13 14 42
13 15 38
13 16 41
13 17 55
14 0 57
14 1 21
14 2 56
14 3 46
14 4 45
14 5 59
14 6 59
14 7 42
14 8 46
14 9 46
14 10 44
14 11 54
14 12 48
14 13 42
14 14 100
14 15 48
14 16 44
14 17 52
15 0 43
15 1 37
15 2 49
15 3 53
15 4 47
15 5 43
15 6 45
15 7 46
15 8 47
15 9 53
15 10 40
15 11 38
15 12 50
15 13 38
15 14 48
15 15 99
15 16 46
15 17 40
16 0 50
16 1 34
16 2 46
16 3 49
16 4 47
16 5 46
16 6 56
16 7 47
16 8 49
16 9 51
16 10 49
16 11 48
16 12 42
16 13 41
16 14 44
16 15 46
16 16 100
16 17 46
17 0 57
17 1 31
17 2 47
17 3 51
17 4 46
17 5 52
17 6 60
17 7 52
17 8 53
17 9 53
17 10 46
17 11 47
17 12 45
17 13 55
17 14 52
17 15 40
17 16 46
17 17 100
