0 0 100
0 1 53
0 2 68
0 3 52
0 4 47
0 5 80
0 6 63
0 7 55
0 8 51
0 9 61
0 10 61
0 11 51
0 12 65
0 13 53
0 14 62
1 0 53
1 1 99
1 2 59
1 3 56
1 4 44
1 5 53
1 6 81
1 7 84
1 8 51
1 9 58
1 10 50
1 11 57
1 12 53
1 13 53
1 14 42
2 0 68
2 1 59
2 2 100
2 3 52
2 4 58
2 5 70
2 6 58
2 7 61
2 8 66
2 9 78
2 10 70
2 11 56
2 12 65
2 13 68
2 14 59
3 0 52
3 1 56
3 2 52
3 3 100
3 4 34
3 5 55
3 6 48
3 7 68
3 8 45
3 9 48
3 10 49
3 11 94
3 12 44
3 13 47
3 14 44
4 0 47
4 1 44
4 2 58
4 3 34
4 4 99
4 5 52
4 6 39
4 7 46
4 8 54
4 9 48
4 10 59
4 11 34
4 12 51
4 13 64
4 14 42
5 0 80
5 1 53
5 2 70
5 3 55
5 4 52
5 5 100
5 6 55
5 7 58
5 8 61
5 9 65
5 10 64
5 11 53
5 12 70
5 13 60
5 14 59
6 0 63
6 1 81
6 2 58
6 3 48
6 4 39
6 5 55
6 6 99
6 7 64
6 8 42
6 9 57
6 10 44
6 11 48
6 12 48
6 13 42
6 14 42
7 0 55
7 1 84
7 2 61
7 3 68
7 4 46
7 5 58
7 6 64
7 7 100
7 8 55
7 9 60
7 10 56
7 11 67
7 12 58
7 13 54
7 14 46
8 0 51
8 1 51
8 2 66
8 3 45
8 4 54
8 5 61
8 6 42
8 7 55
8 8 100
8 9 53
8 10 63
8 11 49
8 12 65
8 13 61
8 14 47
9 0 61
9 1 58
9 2 78
9 3 48
9 4 48
9 5 65
9 6 57
9 7 60
9 8 53
9 9 100
9 10 58
9 11 47
9 12 52
9 13 57
9 14 46
10 0 61
10 1 50
10 2 70
10 3 49
10 4 59
10 5 64
10 6 44
10 7 56
10 8 63
10 9 58
10 10 99
10 11 53
10 12 63
10 13 70
10 14 56
11 0 51
11 1 57
11 2 56
11 3 94
11 4 34
11 5 53
11 6 48
11 7 67
11 8 49
11 9 47
11 10 53
11 11 100
11 12 46
11 13 51
11 14 46
12 0 65
12 1 53
12 2 65
12 3 44
12 4 51
12 5 70
12 6 48
12 7 58
12 8 65
12 9 52
12 10 63
12 11 46
12 12 100
12 13 61
12 14 66
13 0 53
13 1 53
13 2 68
13 3 47
13 4 64
13 5 60
13 6 42
13 7 54
13 8 61
13 9 57
13 10 70
13 11 51
13 12 61
13 13 100
13 14 56
14 0 62
14 1 42
14 2 59
14 3 44
14 4 42
14 5 59
14 6 42
14 7 46
14 8 47
14 9 46
14 10 56
14 11 46
14 12 66
14 13 56
14 14 99
