0 0 99
0 1 64
0 2 69
0 3 69
0 4 43
0 5 27
0 6 81
0 7 71
0 8 52
0 9 56
0 10 50
0 11 65
0 12 29
0 13 54
0 14 60
0 15 49
0 16 64
0 17 52
1 0 64
1 1 100
1 2 54
1 3 52
1 4 41
1 5 44
1 6 54
1 7 59
1 8 53
1 9 46
1 10 44
1 11 81
1 12 39
1 13 51
1 14 49
1 15 37
1 16 54
1 17 51
2 0 69
2 1 54
2 2 99
2 3 87
2 4 47
2 5 11
2 6 55
2 7 63
2 8 57
2 9 49
2 10 50
2 11 49
2 12 27
2 13 79
2 14 78
2 15 66
2 16 82
2 17 45
3 0 69
3 1 52
3 2 87
3 3 99
3 4 43
3 5 6
3 6 52
3 7 57
3 8 53
3 9 45
3 10 55
3 11 47
3 12 24
3 13 64
3 14 76
3 15 53
3 16 88
3 17 41
4 0 43
4 1 41
4 2 47
4 3 43
4 4 99
4 5 19
4 6 42
4 7 45
4 8 46
4 9 45
4 10 55
4 11 38
4 12 31
4 13 49
4 14 57
4 15 39
4 16 44
4 17 85
5 0 27
5 1 44
5 2 11
5 3 6
5 4 19
5 5 99
5 6 30
5 7 35
5 8 22
5 9 33
5 10 16
5 11 46
5 12 19
5 13 15
5 14 4
5 15 16
5 16 12
5 17 46
6 0 81
6 1 54
6 2 55
6 3 52
6 4 42
6 5 30
6 6 100
6 7 69
6 8 52
6 9 58
6 10 49
6 11 51
6 12 25
6 13 49
6 14 57
6 15 51
6 16 56
6 17 50
7 0 71
7 1 59
7 2 63
7 3 57
7 4 45
7 5 35
7 6 69
7 7 100
7 8 67
7 9 62
7 10 52
7 11 62
7 12 39
7 13 57
7 14 62
7 15 51
7 16 59
7 17 58
8 0 52
8 1 53
8 2 57
8 3 53
8 4 46
8 5 22
8 6 52
8 7 67
8 8 99
8 9 69
8 10 51
8 11 42
8 12 26
8 13 51
8 14 61
8 15 46
8 16 58
8 17 48
9 0 56
9 1 46
9 2 49
9 3 45
9 4 45
9 5 33
9 6 58
9 7 62
9 8 69
9 9 100
9 10 46
9 11 42
9 12 30
9 13 44
9 14 48
9 15 44
9 16 49
9 17 54
10 0 50
10 1 44
10 2 50
10 3 55
10 4 55
10 5 16
10 6 49
10 7 52
10 8 51
10 9 46
10 10 100
10 11 39
10 12 31
10 13 48
10 14 64
10 15 49
10 16 63
10 17 55
11 0 65
11 1 81
11 2 49
11 3 47
11 4 38
11 5 46
11 6 51
11 7 62
11 8 42
11 9 42
11 10 39
11 11 100
11 12 38
11 13 46
11 14 42
11 15 32
11 16 46
11 17 59
12 0 29
12 1 39
12 2 27
12 3 24
12 4 31
12 5 19
12 6 25
12 7 39
12 8 26
12 9 30
12 10 31
12 11 38
12 12 99
12 13 39
12 14 28
12 15 25
12 16 25
12 17 35
13 0 54
13 1 51
13 2 79
13 3 64
13 4 49
13 5 15
13 6 49
13 7 57
13 8 51
13 9 44
13 10 48
13 11 46
13 12 39
13 13 99
13 14 64
13 15 60
13 16 65
13 17 49
14 0 60
14 1 49
14 2 78
14 3 76
14 4 57
14 5 4
14 6 57
14 7 62
14 8 61
14 9 48
14 10 64
14 11 42
14 12 28
14 13 64
14 14 100
14 15 52
14 16 82
14 17 49
15 0 49
15 1 37
15 2 66
15 3 53
15 4 39
15 5 16
15 6 51
15 7 51
15 8 46
15 9 44
15 10 49
15 11 32
15 12 25
15 13 60
15 14 52
15 15 100
15 16 57
15 17 37
16 0 64
16 1 54
16 2 82
16 3 88
16 4 44
16 5 12
16 6 56
16 7 59
16 8 58
16 9 49
16 10 63
16 11 46
16 12 25
16 13 65
16 14 82
16 15 57
16 16 100
16 17 44
17 0 52
17 1 51
17 2 45
17 3 41
17 4 85
17 5 46
17 6 50
17 7 58
17 8 48
17 9 54
17 10 55
17 11 59
17 12 35
17 13 49
17 14 49
17 15 37
17 16 44
17 17 99
