0 0 100
0 1 65
0 2 41
0 3 57
0 4 64
0 5 28
0 6 62
0 7 54
0 8 70
0 9 82
0 10 56
0 11 34
0 12 48
0 13 37
0 14 53
0 15 55
0 16 56
0 17 29
0 18 55
0 19 47
0 20 45
0 21 53
0 22 50
0 23 19
1 0 65
1 1 100
1 2 64
1 3 60
1 4 72
1 5 41
1 6 60
1 7 85
1 8 62
1 9 69
1 10 52
1 11 43
1 12 60
1 13 42
1 14 69
1 15 55
1 16 56
1 17 40
1 18 61
1 19 49
1 20 55
1 21 59
1 22 61
1 23 27
2 0 41
2 1 64
2 2 99
2 3 51
2 4 54
2 5 40
2 6 55
2 7 62
2 8 49
2 9 43
2 10 39
2 11 28
2 12 54
2 13 26
2 14 80
2 15 50
2 16 42
2 17 34
2 18 59
2 19 34
2 20 37
2 21 56
2 22 53
2 23 19
3 0 57
3 1 60
3 2 51
3 3 100
3 4 47
3 5 47
3 6 72
3 7 61
3 8 62
3 9 61
3 10 44
3 11 23
3 12 49
3 13 30
3 14 66
3 15 54
3 16 79
3 17 47
3 18 65
3 19 30
3 20 41
3 21 70
3 22 64
3 23 31
4 0 64
4 1 72
4 2 54
4 3 47
4 4 100
4 5 33
4 6 54
4 7 60
4 8 59
4 9 64
4 10 70
4 11 58
4 12 77
4 13 58
4 14 61
4 15 53
4 16 40
4 17 30
4 18 55
4 19 51
4 20 53
4 21 51
4 22 52
4 23 22
5 0 28
5 1 41
5 2 40
5 3 47
5 4 33
5 5 99
5 6 47
5 7 40
5 8 37
5 9 31
5 10 27
5 11 21
5 12 42
5 13 20
5 14 55
5 15 34
5 16 47
5 17 43
5 18 43
5 19 20
5 20 21
5 21 46
5 22 59
5 23 49
6 0 62
6 1 60
6 2 55
6 3 72
6 4 54
6 5 47
6 6 100
6 7 58
6 8 69
6 9 62
6 10 51
6 11 30
6 12 52
6 13 28
6 14 67
6 15 56
6 16 54
6 17 52
6 18 70
6 19 32
6 20 37
6 21 69
6 22 61
6 23 30
7 0 54
7 1 85
7 2 62
7 3 61
7 4 60
7 5 40
7 6 58
7 7 99
7 8 58
7 9 65
7 10 48
7 11 36
7 12 66
7 13 38
7 14 69
7 15 52
7 16 55
7 17 39
7 18 57
7 19 35
7 20 44
7 21 59
7 22 64
7 23 29
8 0 70
8 1 62
8 2 49
8 3 62
8 4 59
8 5 37
8 6 69
8 7 58
8 8 100
8 9 75
8 10 66
8 11 60
8 12 53
8 13 55
8 14 60
8 15 58
8 16 51
8 17 37
8 18 58
8 19 48
8 20 49
8 21 59
8 22 53
8 23 26
9 0 82
9 1 69
9 2 43
9 3 61
9 4 64
9 5 31
9 6 62
9 7 65
9 8 75
9 9 100
9 10 74
9 11 50
9 12 54
9 13 58
9 14 62
9 15 53
9 16 61
9 17 37
9 18 53
9 19 51
9 20 57
9 21 58
9 22 60
9 23 22
10 0 56
10 1 52
10 2 39
10 3 44
10 4 70
10 5 27
10 6 51
10 7 48
10 8 66
10 9 74
10 10 100
10 11 70
10 12 52
10 13 78
10 14 53
10 15 42
10 16 35
10 17 29
10 18 39
10 19 54
10 20 57
10 21 42
10 22 48
10 23 17
11 0 34
11 1 43
11 2 28
11 3 23
11 4 58
11 5 21
11 6 30
11 7 36
11 8 60
11 9 50
11 10 70
11 11 100
11 12 37
11 13 83
11 14 36
11 15 22
11 16 15
11 17 16
11 18 21
11 19 48
11 20 46
11 21 23
11 22 26
11 23 17
12 0 48
12 1 60
12 2 54
12 3 49
12 4 77
12 5 42
12 6 52
12 7 66
12 8 53
12 9 54
12 10 52
12 11 37
12 12 99
12 13 37
12 14 64
12 15 46
12 16 44
12 17 40
12 18 51
12 19 37
12 20 41
12 21 54
12 22 55
12 23 28
13 0 37
13 1 42
13 2 26
13 3 30
13 4 58
13 5 20
13 6 28
13 7 38
13 8 55
13 9 58
13 10 78
13 11 83
13 12 37
13 13 100
13 14 42
13 15 24
13 16 24
13 17 15
13 18 23
13 19 52
13 20 55
13 21 28
13 22 35
13 23 18
14 0 53
14 1 69
14 2 80
14 3 66
14 4 61
14 5 55
14 6 67
14 7 69
14 8 60
14 9 62
14 10 53
14 11 36
14 12 64
14 13 42
14 14 99
14 15 57
14 16 63
14 17 54
14 18 64
14 19 38
14 20 44
14 21 74
14 22 74
14 23 32
15 0 55
15 1 55
15 2 50
15 3 54
15 4 53
15 5 34
15 6 56
15 7 52
15 8 58
15 9 53
15 10 42
15 11 22
15 12 46
15 13 24
15 14 57
15 15 99
15 16 45
15 17 30
15 18 69
15 19 34
15 20 39
15 21 64
15 22 51
15 23 18
16 0 56
16 1 56
16 2 42
16 3 79
16 4 40
16 5 47
16 6 54
16 7 55
16 8 51
16 9 61
16 10 35
16 11 15
16 12 44
16 13 24
16 14 63
16 15 45
16 16 100
16 17 50
16 18 51
16 19 27
16 20 37
16 21 68
16 22 69
16 23 34
17 0 29
17 1 40
17 2 34
17 3 47
17 4 30
17 5 43
17 6 52
17 7 39
17 8 37
17 9 37
17 10 29
17 11 16
17 12 40
17 13 15
17 14 54
17 15 30
17 16 50
17 17 99
17 18 38
17 19 13
17 20 18
17 21 48
17 22 48
17 23 22
18 0 55
18 1 61
18 2 59
18 3 65
18 4 55
18 5 43
18 6 70
18 7 57
18 8 58
18 9 53
18 10 39
18 11 21
18 12 51
18 13 23
18 14 64
18 15 69
18 16 51
18 17 38
18 18 100
18 19 40
18 20 50
18 21 63
18 22 61
18 23 26
19 0 47
19 1 49
19 2 34
19 3 30
19 4 51
19 5 20
19 6 32
19 7 35
19 8 48
19 9 51
19 10 54
19 11 48
19 12 37
19 13 52
19 14 38
19 15 34
19 16 27
19 17 13
19 18 40
19 19 99
19 20 84
19 21 26
19 22 33
19 23 13
20 0 45
20 1 55
20 2 37
20 3 41
20 4 53
20 5 21
20 6 37
20 7 44
20 8 49
20 9 57
20 10 57
20 11 46
20 12 41
20 13 55
20 14 44
20 15 39
20 16 37
20 17 18
20 18 50
20 19 84
20 20 100
20 21 31
20 22 44
20 23 18
21 0 53
21 1 59
21 2 56
21 3 70
21 4 51
21 5 46
21 6 69
21 7 59
21 8 59
21 9 58
21 10 42
21 11 23
21 12 54
21 13 28
21 14 74
21 15 64
21 16 68
21 17 48
21 18 63
21 19 26
21 20 31
21 21 100
21 22 68
21 23 30
22 0 50
22 1 61
22 2 53
22 3 64
22 4 52
22 5 59
22 6 61
22 7 64
22 8 53
22 9 60
22 10 48
22 11 26
22 12 55
22 13 35
22 14 74
22 15 51
22 16 69
22 17 48
22 18 61
22 19 33
22 20 44
22 21 68
22 22 99
22 23 38
23 0 19
23 1 27
23 2 19
23 3 31
23 4 22
23 5 49
23 6 30
23 7 29
23 8 26
23 9 22
23 10 17
23 11 17
23 12 28
23 13 18
23 14 32
23 15 18
23 16 34
23 17 22
23 18 26
23 19 13
23 20 18
23 21 30
23 22 38
23 23 100
