0 0 99
0 1 68
0 2 50
0 3 64
0 4 85
0 5 69
0 6 87
0 7 80
0 8 62
0 9 30
0 10 44
0 11 56
0 12 47
0 13 69
0 14 70
1 0 68
1 1 99
1 2 51
1 3 45
1 4 59
1 5 60
1 6 55
1 7 70
1 8 45
1 9 24
1 10 41
1 11 51
1 12 45
1 13 58
1 14 54
2 0 50
2 1 51
2 2 100
2 3 50
2 4 55
2 5 64
2 6 50
2 7 56
2 8 32
2 9 20
2 10 50
2 11 80
2 12 62
2 13 56
2 14 46
3 0 64
3 1 45
3 2 50
3 3 99
3 4 57
3 5 64
3 6 60
3 7 58
3 8 47
3 9 17
3 10 47
3 11 53
3 12 69
3 13 64
3 14 92
4 0 85
4 1 59
4 2 55
4 3 57
4 4 100
4 5 66
4 6 76
4 7 72
4 8 57
4 9 22
4 10 40
4 11 58
4 12 49
4 13 69
4 14 58
5 0 69
5 1 60
5 2 64
5 3 64
5 4 66
5 5 99
5 6 66
5 7 67
5 8 45
5 9 35
5 10 62
5 11 73
5 12 65
5 13 68
5 14 61
6 0 87
6 1 55
6 2 50
6 3 60
6 4 76
6 5 66
6 6 100
6 7 71
6 8 65
6 9 28
6 10 40
6 11 57
6 12 44
6 13 68
6 14 62
7 0 80
7 1 70
7 2 56
7 3 58
7 4 72
7 5 67
7 6 71
7 7 100
7 8 59
7 9 32
7 10 53
7 11 56
7 12 51
7 13 63
7 14 63
8 0 62
8 1 45
8 2 32
8 3 47
8 4 57
8 5 45
8 6 65
8 7 59
8 8 99
8 9 22
8 10 30
8 11 42
8 12 26
8 13 58
8 14 46
9 0 30
9 1 24
9 2 20
9 3 17
9 4 22
9 5 35
9 6 28
9 7 32
9 8 22
9 9 99
9 10 54
9 11 31
9 12 14
9 13 26
9 14 23
10 0 44
10 1 41
10 2 50
10 3 47
10 4 40
10 5 62
10 6 40
10 7 53
10 8 30
10 9 54
10 10 99
10 11 54
10 12 58
10 13 46
10 14 45
11 0 56
11 1 51
11 2 80
11 3 53
11 4 58
11 5 73
11 6 57
11 7 56
11 8 42
11 9 31
11 10 54
11 11 100
11 12 60
11 13 64
11 14 51
12 0 47
12 1 45
12 2 62
12 3 69
12 4 49
12 5 65
12 6 44
12 7 51
12 8 26
12 9 14
12 10 58
12 11 60
12 12 99
12 13 55
12 14 63
13 0 69
13 1 58
13 2 56
13 3 64
13 4 69
13 5 68
13 6 68
13 7 63
13 8 58
13 9 26
13 10 46
13 11 64
13 12 55
13 13 99
13 14 62
14 0 70
14 1 54
14 2 46
14 3 92
14 4 58
14 5 61
14 6 62
14 7 63
14 8 46
14 9 23
14 10 45
14 11 51
14 12 63
14 13 62
14 14 100
