0 0 99
0 1 58
0 2 69
0 3 67
0 4 89
0 5 70
0 6 49
0 7 55
0 8 72
0 9 73
0 10 64
0 11 62
0 12 60
0 13 64
0 14 75
0 15 58
1 0 58
1 1 99
1 2 45
1 3 54
1 4 58
1 5 55
1 6 44
1 7 85
1 8 51
1 9 50
1 10 55
1 11 29
1 12 39
1 13 41
1 14 58
1 15 45
2 0 69
2 1 45
2 2 100
2 3 70
2 4 68
2 5 52
2 6 43
2 7 42
2 8 58
2 9 93
2 10 55
2 11 50
2 12 49
2 13 55
2 14 68
2 15 52
3 0 67
3 1 54
3 2 70
3 3 100
3 4 67
3 5 64
3 6 48
3 7 51
3 8 57
3 9 70
3 10 63
3 11 45
3 12 48
3 13 56
3 14 86
3 15 59
4 0 89
4 1 58
4 2 68
4 3 67
4 4 100
4 5 55
4 6 48
4 7 54
4 8 80
4 9 72
4 10 67
4 11 60
4 12 65
4 13 70
4 14 74
4 15 52
5 0 70
5 1 55
5 2 52
5 3 64
5 4 55
5 5 99
5 6 53
5 7 54
5 8 48
5 9 56
5 10 64
5 11 36
5 12 40
5 13 45
5 14 69
5 15 66
6 0 49
6 1 44
6 2 43
6 3 48
6 4 48
6 5 53
6 6 99
6 7 41
6 8 36
6 9 42
6 10 44
6 11 28
6 12 38
6 13 40
6 14 50
6 15 47
7 0 55
7 1 85
7 2 42
7 3 51
7 4 54
7 5 54
7 6 41
7 7 100
7 8 55
7 9 49
7 10 48
7 11 29
7 12 37
7 13 37
7 14 55
7 15 47
8 0 72
8 1 51
8 2 58
8 3 57
8 4 80
8 5 48
8 6 36
8 7 55
8 8 100
8 9 64
8 10 66
8 11 51
8 12 70
8 13 65
8 14 65
8 15 41
9 0 73
9 1 50
9 2 93
9 3 70
9 4 72
9 5 56
9 6 42
9 7 49
9 8 64
9 9 100
9 10 59
9 11 51
9 12 51
9 13 59
9 14 70
9 15 55
10 0 64
10 1 55
10 2 55
10 3 63
10 4 67
10 5 64
10 6 44
10 7 48
10 8 66
10 9 59
10 10 99
10 11 40
10 12 55
10 13 60
10 14 69
10 15 58
11 0 62
11 1 29
11 2 50
11 3 45
11 4 60
11 5 36
11 6 28
11 7 29
11 8 51
11 9 51
11 10 40
11 11 99
11 12 46
11 13 58
11 14 49
11 15 35
12 0 60
12 1 39
12 2 49
12 3 48
12 4 65
12 5 40
12 6 38
12 7 37
12 8 70
12 9 51
12 10 55
12 11 46
12 12 100
12 13 74
12 14 53
12 15 35
13 0 64
13 1 41
13 2 55
13 3 56
13 4 70
13 5 45
13 6 40
13 7 37
13 8 65
13 9 59
13 10 60
13 11 58
13 12 74
13 13 100
13 14 62
13 15 50
14 0 75
14 1 58
14 2 68
14 3 86
14 4 74
14 5 69
14 6 50
14 7 55
14 8 65
14 9 70
14 10 69
14 11 49
14 12 53
14 13 62
14 14 99
14 15 63
15 0 58
15 1 45
15 2 52
15 3 59
15 4 52
15 5 66
15 6 47
15 7 47
15 8 41
15 9 55
15 10 58
15 11 35
15 12 35
15 13 50
15 14 63
15 15 100
