0 0 99
0 1 63
0 2 65
0 3 95
0 4 62
0 7 35
0 8 63
0 9 55
1 0 63
1 1 99
1 2 67
1 3 64
1 4 98
1 7 55
1 8 70
1 9 54
2 0 65
2 1 67
2 2 99
2 3 64
2 4 68
2 7 35
2 8 92
2 9 51
3 0 95
3 1 64
3 2 64
3 3 100
3 4 63
3 7 37
3 8 63
3 9 54
4 0 62
4 1 98
4 2 68
4 3 63
4 4 100
4 7 41
4 8 71
4 9 55
7 0 35
7 1 55
7 2 35
7 3 37
7 4 41
7 7 99
7 8 33
7 9 22
8 0 63
8 1 70
8 2 92
8 3 63
8 4 71
8 7 33
8 8 100
8 9 48
9 0 55
9 1 54
9 2 51
9 3 54
9 4 55
9 7 22
9 8 48
9 9 100
