0 0 100
0 1 75
0 2 68
0 3 57
0 4 92
0 5 75
0 6 70
0 7 40
0 8 71
0 9 57
1 0 75
1 1 99
1 2 71
1 3 75
1 4 77
1 5 98
1 6 69
1 7 48
1 8 73
1 9 75
2 0 68
2 1 71
2 2 100
2 3 58
2 4 69
2 5 71
2 6 94
2 7 52
2 8 63
2 9 58
3 0 57
3 1 75
3 2 58
3 3 99
3 4 59
3 5 75
3 6 55
3 7 41
3 8 72
3 9 99
4 0 92
4 1 77
4 2 69
4 3 59
4 4 100
4 5 77
4 6 69
4 7 42
4 8 69
4 9 59
5 0 75
5 1 98
5 2 71
5 3 75
5 4 77
5 5 100
5 6 69
5 7 50
5 8 74
5 9 75
6 0 70
6 1 69
6 2 94
6 3 55
6 4 69
6 5 69
6 6 100
6 7 47
6 8 59
6 9 55
7 0 40
7 1 48
7 2 52
7 3 41
7 4 42
7 5 50
7 6 47
7 7 99
7 8 47
7 9 41
8 0 71
8 1 73
8 2 63
8 3 72
8 4 69
8 5 74
8 6 59
8 7 47
8 8 100
8 9 72
9 0 57
9 1 75
9 2 58
9 3 99
9 4 59
9 5 75
9 6 55
9 7 41
9 8 72
9 9 99
