0 0 100
0 1 62
0 2 57
0 3 58
0 4 62
0 5 71
0 6 60
0 7 74
0 8 60
0 9 59
0 10 47
0 11 34
0 12 47
0 13 35
0 14 67
0 15 63
0 16 49
0 17 50
0 18 29
0 19 31
0 20 23
0 21 66
1 0 62
1 1 99
1 2 66
1 3 54
1 4 61
1 5 48
1 6 69
1 7 57
1 8 50
1 9 64
1 10 62
1 11 55
1 12 58
1 13 59
1 14 62
1 15 58
1 16 57
1 17 35
1 18 19
1 19 15
1 20 20
1 21 54
2 0 57
2 1 66
2 2 100
2 3 49
2 4 55
2 5 41
2 6 71
2 7 62
2 8 47
2 9 53
2 10 64
2 11 49
2 12 51
2 13 59
2 14 62
2 15 49
2 16 46
2 17 33
2 18 22
2 19 27
2 20 21
2 21 53
3 0 58
3 1 54
3 2 49
3 3 99
3 4 53
3 5 43
3 6 44
3 7 61
3 8 50
3 9 40
3 10 53
3 11 43
3 12 36
3 13 45
3 14 69
3 15 62
3 16 56
3 17 38
3 18 24
3 19 22
3 20 29
3 21 42
4 0 62
4 1 61
4 2 55
4 3 53
4 4 100
4 5 49
4 6 52
4 7 61
4 8 66
4 9 67
4 10 46
4 11 33
4 12 47
4 13 39
4 14 56
4 15 59
4 16 57
4 17 32
4 18 16
4 19 19
4 20 19
4 21 49
5 0 71
5 1 48
5 2 41
5 3 43
5 4 49
5 5 100
5 6 51
5 7 57
5 8 50
5 9 42
5 10 49
5 11 36
5 12 53
5 13 39
5 14 55
5 15 65
5 16 47
5 17 56
5 18 26
5 19 29
5 20 22
5 21 74
6 0 60
6 1 69
6 2 71
6 3 44
6 4 52
6 5 51
6 6 99
6 7 58
6 8 46
6 9 55
6 10 70
6 11 57
6 12 62
6 13 63
6 14 59
6 15 54
6 16 51
6 17 38
6 18 16
6 19 18
6 20 18
6 21 61
7 0 74
7 1 57
7 2 62
7 3 61
7 4 61
7 5 57
7 6 58
7 7 99
7 8 52
7 9 53
7 10 51
7 11 44
7 12 54
7 13 44
7 14 74
7 15 65
7 16 54
7 17 45
7 18 33
7 19 42
7 20 25
7 21 62
8 0 60
8 1 50
8 2 47
8 3 50
8 4 66
8 5 50
8 6 46
8 7 52
8 8 99
8 9 52
8 10 45
8 11 25
8 12 38
8 13 39
8 14 59
8 15 51
8 16 42
8 17 38
8 18 14
8 19 13
8 20 24
8 21 43
9 0 59
9 1 64
9 2 53
9 3 40
9 4 67
9 5 42
9 6 55
9 7 53
9 8 52
9 9 100
9 10 43
9 11 34
9 12 42
9 13 34
9 14 50
9 15 52
9 16 48
9 17 31
9 18 12
9 19 11
9 20 22
9 21 45
10 0 47
10 1 62
10 2 64
10 3 53
10 4 46
10 5 49
10 6 70
10 7 51
10 8 45
10 9 43
10 10 100
10 11 62
10 12 53
10 13 61
10 14 62
10 15 55
10 16 58
10 17 34
10 18 11
10 19 16
10 20 24
10 21 55
11 0 34
11 1 55
11 2 49
11 3 43
11 4 33
11 5 36
11 6 57
11 7 44
11 8 25
11 9 34
11 10 62
11 11 99
11 12 51
11 13 58
11 14 49
11 15 49
11 16 65
11 17 30
11 18 17
11 19 16
11 20 18
11 21 43
12 0 47
12 1 58
12 2 51
12 3 36
12 4 47
12 5 53
12 6 62
12 7 54
12 8 38
12 9 42
12 10 53
12 11 51
12 12 100
12 13 61
12 14 55
12 15 52
12 16 49
12 17 40
12 18 21
12 19 29
12 20 33
12 21 64
13 0 35
13 1 59
13 2 59
13 3 45
13 4 39
13 5 39
13 6 63
13 7 44
13 8 39
13 9 34
13 10 61
13 11 58
13 12 61
13 13 100
13 14 60
13 15 47
13 16 49
13 17 38
13 18 22
13 19 23
13 20 23
13 21 48
14 0 67
14 1 62
14 2 62
14 3 69
14 4 56
14 5 55
14 6 59
14 7 74
14 8 59
14 9 50
14 10 62
14 11 49
14 12 55
14 13 60
14 14 100
14 15 67
14 16 58
14 17 47
14 18 26
14 19 41
14 20 29
14 21 61
15 0 63
15 1 58
15 2 49
15 3 62
15 4 59
15 5 65
15 6 54
15 7 65
15 8 51
15 9 52
15 10 55
15 11 49
15 12 52
15 13 47
15 14 67
15 15 99
15 16 59
15 17 47
15 18 22
15 19 27
15 20 29
15 21 59
16 0 49
16 1 57
16 2 46
16 3 56
16 4 57
16 5 47
16 6 51
16 7 54
16 8 42
16 9 48
16 10 58
16 11 65
16 12 49
16 13 49
16 14 58
16 15 59
16 16 100
16 17 35
16 18 20
16 19 21
16 20 28
16 21 46
17 0 50
17 1 35
17 2 33
17 3 38
17 4 32
17 5 56
17 6 38
17 7 45
17 8 38
17 9 31
17 10 34
17 11 30
17 12 40
17 13 38
17 14 47
17 15 47
17 16 35
17 17 99
17 18 41
17 19 40
17 20 24
17 21 50
18 0 29
18 1 19
18 2 22
18 3 24
18 4 16
18 5 26
18 6 16
18 7 33
18 8 14
18 9 12
18 10 11
18 11 17
18 12 21
18 13 22
18 14 26
18 15 22
18 16 20
18 17 41
18 18 99
18 19 40
18 20 21
18 21 22
19 0 31
19 1 15
19 2 27
19 3 22
19 4 19
19 5 29
19 6 18
19 7 42
19 8 13
19 9 11
19 10 16
19 11 16
19 12 29
19 13 23
19 14 41
19 15 27
19 16 21
19 17 40
19 18 40
19 19 100
19 20 16
19 21 32
20 0 23
20 1 20
20 2 21
20 3 29
20 4 19
20 5 22
20 6 18
20 7 25
20 8 24
20 9 22
20 10 24
20 11 18
20 12 33
20 13 23
20 14 29
20 15 29
20 16 28
20 17 24
20 18 21
20 19 16
20 20 99
20 21 27
21 0 66
21 1 54
21 2 53
21 3 42
21 4 49
21 5 74
21 6 61
21 7 62
21 8 43
21 9 45
21 10 55
21 11 43
21 12 64
21 13 48
21 14 61
21 15 59
21 16 46
21 17 50
21 18 22
21 19 32
21 20 27
21 21 100
